   -60
  9158
   -29
   -34
   -39
   -29
    -2
 22764
  7977
 31949
 22714
 22443
   -80
   -73
   -22
   -22
    -3
   -19
  2132
 10232
  8987
    -5
   -70
 17293
  3958
   -86
   -33
    -5
 16947
   -50
   -85
  1946
 31590
   -88
 20493
   -35
    -8
 25688
 12451
 22874
   -43
   -21
   -88
   -40
 10328
   -57
  1118
   -39
 15787
   -38
   -49
 24774
 30363
   -93
   -31
  1553
   -18
   -30
 30836
  1601
    -5
   -55
  3548
   -98
  6768
 24041
 18494
    -5
    -6
 30945
   -52
   -50
   574
   -59
   -56
 10903
 14826
 19164
   -30
   -19
 22415
   -10
 22620
 20010
   -59
 31920
 21563
  1787
   -93
 19631
   -55
   -58
   -16
   -59
   -74
   -44
 30978
 18458
   -14
 15171
   -39
  9978
 24234
   -34
  1531
   -60
 28113
 16358
   -59
 16700
   -70
 18324
 25973
  4056
   -56
 10337
  3209
   -24
 12124
  -100
   -25
   -56
  -100
 16533
 22449
   -89
   -60
   -13
   -28
    -1
  3063
 16128
   -56
   -49
   570
  2789
   -61
   -41
 19147
   -12
   -68
   -70
 18276
  5821
   -30
 23843
 16158
  7848
   -73
   -91
   -56
   -32
   -97
 31603
 15962
   709
 12638
   -82
   -13
   -10
   -43
   -43
 28260
  1572
 18961
 28830
  4361
 23004
   -29
 23508
 22956
  4594
 24091
   -38
   -34
   -89
 32307
 26573
  3811
   -70
   -32
   -17
 17173
   348
   -94
   367
   -26
   281
  9402
   -68
   -85
  9717
 14091
   -58
    -5
   284
  3967
 15651
   -37
   -18
   -82
 13476
    -7
 30483
 21941
   -22
 26446
 21480
  4760
   -82
  6456
 26848
   -91
 23629
   -72
  6708
 23996
 28255
   -39
   -37
 17914
 19403
 10348
 32005
 27308
   -97
   -25
   -51
  4522
   -44
 27221
   -40
  3518
 27760
   -91
   -78
   -11
  2308
   -67
 10707
 32566
 20628
  4787
 18863
    -3
   -84
   -69
   -32
 27471
 32562
  3349
 12617
 19197
   -49
 11854
 13737
    -3
   -15
 12244
   -52
  1418
  6697
   -83
  4936
   -86
 26634
 30396
   -78
 28942
   -64
 18344
 28740
   -51
   -77
   -92
 11150
   -43
  7639
 13869
 17051
   -19
 17218
   -41
    -8
   -22
  8755
    -1
   -13
   -98
   -73
   -25
 21549
   -73
 25812
   -17
 28231
   -82
  -100
  3100
 15852
